[
  {
    "rxn_id": "rxn000389",
    "Ea_true": 67.03453826904297,
    "Ea_pred": 39.161376953125,
    "Ea_error": 27.87316131591797,
    "dist_MAE": 0.47994086146354675,
    "n_atoms": 11,
    "atom_types": [
      "C",
      "C",
      "O",
      "C",
      "O",
      "N",
      "H",
      "H",
      "H",
      "H",
      "H"
    ],
    "D_I": [
      [
        9.999999747378752e-05,
        2.1934468746185303,
        2.91129207611084,
        2.919464588165283,
        3.4172725677490234,
        2.5966997146606445,
        1.0491225719451904,
        1.0474786758422852,
        1.035595417022705,
        2.956097364425659,
        3.3269190788269043
      ],
      [
        2.1934468746185303,
        9.999999747378752e-05,
        1.1681164503097534,
        2.346997022628784,
        3.0582008361816406,
        2.0387370586395264,
        2.707857847213745,
        3.099518299102783,
        2.108881950378418,
        1.8892804384231567,
        2.5904135704040527
      ],
      [
        2.91129207611084,
        1.1681164503097534,
        9.999999747378752e-05,
        3.4119417667388916,
        4.181100368499756,
        2.645148277282715,
        3.059108018875122,
        3.901996374130249,
        2.974876880645752,
        2.023500442504883,
        3.2904725074768066
      ],
      [
        2.919464588165283,
        2.346997022628784,
        3.4119417667388916,
        9.999999747378752e-05,
        1.005664587020874,
        1.8668904304504395,
        3.917966604232788,
        3.128464937210083,
        2.8216211795806885,
        2.62705659866333,
        1.5190670490264893
      ],
      [
        3.4172725677490234,
        3.0582008361816406,
        4.181100368499756,
        1.005664587020874,
        9.999999747378752e-05,
        2.858088493347168,
        4.446779251098633,
        3.4792637825012207,
        3.087394952774048,
        3.6237871646881104,
        2.449864625930786
      ],
      [
        2.5966997146606445,
        2.0387370586395264,
        2.645148277282715,
        1.8668904304504395,
        2.858088493347168,
        9.999999747378752e-05,
        3.315903663635254,
        2.9779300689697266,
        3.0744192600250244,
        1.0064046382904053,
        0.9687921404838562
      ],
      [
        1.0491225719451904,
        2.707857847213745,
        3.059108018875122,
        3.917966604232788,
        4.446779251098633,
        3.315903663635254,
        9.999999747378752e-05,
        1.686194896697998,
        1.6865837574005127,
        3.433277130126953,
        4.16356897354126
      ],
      [
        1.0474786758422852,
        3.099518299102783,
        3.901996374130249,
        3.128464937210083,
        3.4792637825012207,
        2.9779300689697266,
        1.686194896697998,
        9.999999747378752e-05,
        1.6666897535324097,
        3.5691845417022705,
        3.578281879425049
      ],
      [
        1.035595417022705,
        2.108881950378418,
        2.974876880645752,
        2.8216211795806885,
        3.087394952774048,
        3.0744192600250244,
        1.6865837574005127,
        1.6666897535324097,
        9.999999747378752e-05,
        3.433461904525757,
        3.6371827125549316
      ],
      [
        2.956097364425659,
        1.8892804384231567,
        2.023500442504883,
        2.62705659866333,
        3.6237871646881104,
        1.0064046382904053,
        3.433277130126953,
        3.5691845417022705,
        3.433461904525757,
        9.999999747378752e-05,
        1.687300443649292
      ],
      [
        3.3269190788269043,
        2.5904135704040527,
        3.2904725074768066,
        1.5190670490264893,
        2.449864625930786,
        0.9687921404838562,
        4.16356897354126,
        3.578281879425049,
        3.6371827125549316,
        1.687300443649292,
        9.999999747378752e-05
      ]
    ],
    "D_pred": [
      [
        0.00010195944196311757,
        2.236433744430542,
        2.9683408737182617,
        2.976686716079712,
        3.484233856201172,
        2.6475813388824463,
        1.0696799755096436,
        1.0680032968521118,
        1.055889368057251,
        3.0140223503112793,
        3.3921072483062744
      ],
      [
        2.236433744430542,
        0.00010196014045504853,
        1.1910107135772705,
        2.3930070400238037,
        3.1181368827819824,
        2.0786924362182617,
        2.760927677154541,
        3.160262107849121,
        2.1502156257629395,
        1.9263077974319458,
        2.6411795616149902
      ],
      [
        2.9683408737182617,
        1.1910107135772705,
        0.0001019597111735493,
        3.478821277618408,
        4.263034343719482,
        2.6969828605651855,
        3.1190552711486816,
        3.978458881378174,
        3.033177614212036,
        2.0631537437438965,
        3.3549509048461914
      ],
      [
        2.976686716079712,
        2.3930070400238037,
        3.478821277618408,
        0.00010196060611633584,
        1.025376319885254,
        1.9034825563430786,
        3.9947619438171387,
        3.1897835731506348,
        2.8769311904907227,
        2.6785495281219482,
        1.5488407611846924
      ],
      [
        3.484233856201172,
        3.1181368827819824,
        4.263034343719482,
        1.025376319885254,
        0.00010195953655056655,
        2.914093494415283,
        4.5339155197143555,
        3.5474390983581543,
        3.1478981971740723,
        3.6947977542877197,
        2.4978690147399902
      ],
      [
        2.6475813388824463,
        2.0786924362182617,
        2.6969828605651855,
        1.9034825563430786,
        2.914093494415283,
        0.00010195950017077848,
        3.3808798789978027,
        3.0362815856933594,
        3.1346678733825684,
        1.0261256694793701,
        0.9877750873565674
      ],
      [
        1.0696799755096436,
        2.760927677154541,
        3.1190552711486816,
        3.9947619438171387,
        4.5339155197143555,
        3.3808798789978027,
        0.00010195955110248178,
        1.7192355394363403,
        1.7196357250213623,
        3.5005545616149902,
        4.245152950286865
      ],
      [
        1.0680032968521118,
        3.160262107849121,
        3.978458881378174,
        3.1897835731506348,
        3.5474390983581543,
        3.0362815856933594,
        1.7192355394363403,
        0.00010195942013524473,
        1.6993505954742432,
        3.63912296295166,
        3.64839506149292
      ],
      [
        1.055889368057251,
        2.1502156257629395,
        3.033177614212036,
        2.8769311904907227,
        3.1478981971740723,
        3.1346678733825684,
        1.7196357250213623,
        1.6993505954742432,
        0.00010195983486482874,
        3.5007481575012207,
        3.7084574699401855
      ],
      [
        3.0140223503112793,
        1.9263077974319458,
        2.0631537437438965,
        2.6785495281219482,
        3.6947977542877197,
        1.0261256694793701,
        3.5005545616149902,
        3.63912296295166,
        3.5007481575012207,
        0.00010195958020631224,
        1.720362901687622
      ],
      [
        3.3921072483062744,
        2.6411795616149902,
        3.3549509048461914,
        1.5488407611846924,
        2.4978690147399902,
        0.9877750873565674,
        4.245152950286865,
        3.64839506149292,
        3.7084574699401855,
        1.720362901687622,
        0.00010195938375545666
      ]
    ],
    "D_true": [
      [
        9.999999747378752e-05,
        2.454033374786377,
        3.177534341812134,
        2.7842183113098145,
        4.000443458557129,
        2.047614336013794,
        1.0899814367294312,
        1.0901360511779785,
        1.0899862051010132,
        2.7970359325408936,
        2.297729015350342
      ],
      [
        2.454033374786377,
        9.999999747378752e-05,
        1.19637131690979,
        1.4487537145614624,
        2.4117887020111084,
        2.3390839099884033,
        2.3828318119049072,
        3.4404537677764893,
        2.638538360595703,
        3.1797895431518555,
        2.8630917072296143
      ],
      [
        3.177534341812134,
        1.19637131690979,
        9.999999747378752e-05,
        2.500779628753662,
        3.267688035964966,
        3.4566996097564697,
        2.7278287410736084,
        4.212285041809082,
        3.3078227043151855,
        4.220688343048096,
        4.03840446472168
      ],
      [
        2.7842183113098145,
        1.4487537145614624,
        2.500779628753662,
        9.999999747378752e-05,
        1.2411818504333496,
        1.4625478982925415,
        3.0019142627716064,
        3.4481637477874756,
        3.2217822074890137,
        2.06014084815979,
        2.116058111190796
      ],
      [
        4.000443458557129,
        2.4117887020111084,
        3.267688035964966,
        1.2411818504333496,
        9.999999747378752e-05,
        2.3796956539154053,
        4.234790802001953,
        4.592682361602783,
        4.3670549392700195,
        2.6432230472564697,
        2.8318748474121094
      ],
      [
        2.047614336013794,
        2.3390839099884033,
        3.4566996097564697,
        1.4625478982925415,
        2.3796956539154053,
        9.999999747378752e-05,
        2.6395716667175293,
        2.3093199729919434,
        2.66698956489563,
        1.0300850868225098,
        1.020796537399292
      ],
      [
        1.0899814367294312,
        2.3828318119049072,
        2.7278287410736084,
        3.0019142627716064,
        4.234790802001953,
        2.6395716667175293,
        9.999999747378752e-05,
        1.814054012298584,
        1.835172414779663,
        3.2752394676208496,
        3.1783833503723145
      ],
      [
        1.0901360511779785,
        3.4404537677764893,
        4.212285041809082,
        3.4481637477874756,
        4.592682361602783,
        2.3093199729919434,
        1.814054012298584,
        9.999999747378752e-05,
        1.8276034593582153,
        2.741535186767578,
        2.4349138736724854
      ],
      [
        1.0899862051010132,
        2.638538360595703,
        3.3078227043151855,
        3.2217822074890137,
        4.3670549392700195,
        2.66698956489563,
        1.835172414779663,
        1.8276034593582153,
        9.999999747378752e-05,
        3.5674703121185303,
        2.5700440406799316
      ],
      [
        2.7970359325408936,
        3.1797895431518555,
        4.220688343048096,
        2.06014084815979,
        2.6432230472564697,
        1.0300850868225098,
        3.2752394676208496,
        2.741535186767578,
        3.5674703121185303,
        9.999999747378752e-05,
        1.661206603050232
      ],
      [
        2.297729015350342,
        2.8630917072296143,
        4.03840446472168,
        2.116058111190796,
        2.8318748474121094,
        1.020796537399292,
        3.1783833503723145,
        2.4349138736724854,
        2.5700440406799316,
        1.661206603050232,
        9.999999747378752e-05
      ]
    ]
  },
  {
    "rxn_id": "rxn000920",
    "Ea_true": 70.11714935302734,
    "Ea_pred": 39.1613883972168,
    "Ea_error": 30.955760955810547,
    "dist_MAE": 0.37483513355255127,
    "n_atoms": 13,
    "atom_types": [
      "O",
      "C",
      "C",
      "C",
      "C",
      "H",
      "H",
      "H",
      "H",
      "H",
      "H",
      "H",
      "H"
    ],
    "D_I": [
      [
        9.999999747378752e-05,
        1.5796903371810913,
        1.822705864906311,
        2.222749710083008,
        2.0156474113464355,
        0.6915889382362366,
        1.8820436000823975,
        1.6147921085357666,
        2.6409108638763428,
        2.4024155139923096,
        3.187875270843506,
        1.763339638710022,
        3.0713775157928467
      ],
      [
        1.5796903371810913,
        9.999999747378752e-05,
        1.345291018486023,
        2.9239516258239746,
        2.518587827682495,
        1.9124794006347656,
        0.5445829629898071,
        0.5786277055740356,
        1.8568671941757202,
        3.422231912612915,
        3.571845531463623,
        2.6829216480255127,
        3.3279073238372803
      ],
      [
        1.822705864906311,
        1.345291018486023,
        9.999999747378752e-05,
        1.8835586309432983,
        1.5015736818313599,
        2.2208900451660156,
        1.879785180091858,
        1.6759967803955078,
        0.8491674065589905,
        2.5366287231445312,
        2.366133689880371,
        2.1232869625091553,
        2.1992855072021484
      ],
      [
        2.222749710083008,
        2.9239516258239746,
        1.8835586309432983,
        9.999999747378752e-05,
        1.2589094638824463,
        2.608820915222168,
        3.448523759841919,
        3.0481667518615723,
        2.293640613555908,
        0.7437514066696167,
        1.06718111038208,
        1.8855456113815308,
        1.9916882514953613
      ],
      [
        2.0156474113464355,
        2.518587827682495,
        1.5015736818313599,
        1.2589094638824463,
        9.999999747378752e-05,
        2.1366801261901855,
        3.0265374183654785,
        2.860987424850464,
        2.0647389888763428,
        1.693109154701233,
        2.0007221698760986,
        1.0032522678375244,
        1.090705156326294
      ],
      [
        0.6915889382362366,
        1.9124794006347656,
        2.2208900451660156,
        2.608820915222168,
        2.1366801261901855,
        9.999999747378752e-05,
        2.1319265365600586,
        2.0603158473968506,
        3.0649163722991943,
        2.713383436203003,
        3.626824378967285,
        1.572794795036316,
        3.1040995121002197
      ],
      [
        1.8820436000823975,
        0.5445829629898071,
        1.879785180091858,
        3.448523759841919,
        3.0265374183654785,
        2.1319265365600586,
        9.999999747378752e-05,
        0.6608313918113708,
        2.318976402282715,
        3.916719913482666,
        4.106459617614746,
        3.097855806350708,
        3.821044921875
      ],
      [
        1.6147921085357666,
        0.5786277055740356,
        1.6759967803955078,
        3.0481667518615723,
        2.860987424850464,
        2.0603158473968506,
        0.6608313918113708,
        9.999999747378752e-05,
        2.1341397762298584,
        3.4998676776885986,
        3.681284189224243,
        3.0136184692382812,
        3.7484779357910156
      ],
      [
        2.6409108638763428,
        1.8568671941757202,
        0.8491674065589905,
        2.293640613555908,
        2.0647389888763428,
        3.0649163722991943,
        2.318976402282715,
        2.1341397762298584,
        9.999999747378752e-05,
        3.0212137699127197,
        2.4001893997192383,
        2.8564984798431396,
        2.455470323562622
      ],
      [
        2.4024155139923096,
        3.422231912612915,
        2.5366287231445312,
        0.7437514066696167,
        1.693109154701233,
        2.713383436203003,
        3.916719913482666,
        3.4998676776885986,
        3.0212137699127197,
        9.999999747378752e-05,
        1.494412899017334,
        1.9893196821212769,
        2.397135019302368
      ],
      [
        3.187875270843506,
        3.571845531463623,
        2.366133689880371,
        1.06718111038208,
        2.0007221698760986,
        3.626824378967285,
        4.106459617614746,
        3.681284189224243,
        2.4001893997192383,
        1.494412899017334,
        9.999999747378752e-05,
        2.8288559913635254,
        2.2987632751464844
      ],
      [
        1.763339638710022,
        2.6829216480255127,
        2.1232869625091553,
        1.8855456113815308,
        1.0032522678375244,
        1.572794795036316,
        3.097855806350708,
        3.0136184692382812,
        2.8564984798431396,
        1.9893196821212769,
        2.8288559913635254,
        9.999999747378752e-05,
        1.7298814058303833
      ],
      [
        3.0713775157928467,
        3.3279073238372803,
        2.1992855072021484,
        1.9916882514953613,
        1.090705156326294,
        3.1040995121002197,
        3.821044921875,
        3.7484779357910156,
        2.455470323562622,
        2.397135019302368,
        2.2987632751464844,
        1.7298814058303833,
        9.999999747378752e-05
      ]
    ],
    "D_pred": [
      [
        0.0001019607880152762,
        1.610664963722229,
        1.8584434986114502,
        2.2663280963897705,
        2.0551488399505615,
        0.705147385597229,
        1.9189438819885254,
        1.6464624404907227,
        2.6926913261413574,
        2.4495158195495605,
        3.2503671646118164,
        1.797905445098877,
        3.1315650939941406
      ],
      [
        1.610664963722229,
        0.00010196082439506426,
        1.3716682195663452,
        2.98127818107605,
        2.567945957183838,
        1.9499735832214355,
        0.555260419845581,
        0.5899762511253357,
        1.893275260925293,
        3.4893264770507812,
        3.641864776611328,
        2.7355141639709473,
        3.393122673034668
      ],
      [
        1.8584434986114502,
        1.3716682195663452,
        0.00010196059884037822,
        1.920485258102417,
        1.5309991836547852,
        2.26442813873291,
        1.9166394472122192,
        1.7088661193847656,
        0.8658163547515869,
        2.586357593536377,
        2.4125146865844727,
        2.1649067401885986,
        2.2423815727233887
      ],
      [
        2.2663280963897705,
        2.98127818107605,
        1.920485258102417,
        0.00010196034418186173,
        1.2835781574249268,
        2.6599607467651367,
        3.516129732131958,
        3.107942581176758,
        2.3386073112487793,
        0.758331298828125,
        1.0880986452102661,
        1.9225027561187744,
        2.0307137966156006
      ],
      [
        2.0551488399505615,
        2.567945957183838,
        1.5309991836547852,
        1.2835781574249268,
        0.00010195869253948331,
        2.178546905517578,
        3.085845470428467,
        2.9170689582824707,
        2.105201244354248,
        1.726285457611084,
        2.039921283721924,
        1.0229079723358154,
        1.112067461013794
      ],
      [
        0.705147385597229,
        1.9499735832214355,
        2.26442813873291,
        2.6599607467651367,
        2.178546905517578,
        0.0001019601768348366,
        2.1737194061279297,
        2.100717782974243,
        3.1250014305114746,
        2.7665719985961914,
        3.6979098320007324,
        1.6036207675933838,
        3.164919137954712
      ],
      [
        1.9189438819885254,
        0.555260419845581,
        1.9166394472122192,
        3.516129732131958,
        3.085845470428467,
        2.1737194061279297,
        0.00010196051152888685,
        0.6737911701202393,
        2.3644418716430664,
        3.9935030937194824,
        4.186953067779541,
        3.1585772037506104,
        3.895918130874634
      ],
      [
        1.6464624404907227,
        0.5899762511253357,
        1.7088661193847656,
        3.107942581176758,
        2.9170689582824707,
        2.100717782974243,
        0.6737911701202393,
        0.00010196174116572365,
        2.175994396209717,
        3.568500518798828,
        3.7534656524658203,
        3.072707176208496,
        3.8219523429870605
      ],
      [
        2.6926913261413574,
        1.893275260925293,
        0.8658163547515869,
        2.3386073112487793,
        2.105201244354248,
        3.1250014305114746,
        2.3644418716430664,
        2.175994396209717,
        0.00010196064249612391,
        3.0804433822631836,
        2.4472384452819824,
        2.9124908447265625,
        2.503586769104004
      ],
      [
        2.4495158195495605,
        3.4893264770507812,
        2.586357593536377,
        0.758331298828125,
        1.726285457611084,
        2.7665719985961914,
        3.9935030937194824,
        3.568500518798828,
        3.0804433822631836,
        0.00010196027142228559,
        1.5237040519714355,
        2.0283102989196777,
        2.4441041946411133
      ],
      [
        3.2503671646118164,
        3.641864776611328,
        2.4125146865844727,
        1.0880986452102661,
        2.039921283721924,
        3.6979098320007324,
        4.186953067779541,
        3.7534656524658203,
        2.4472384452819824,
        1.5237040519714355,
        0.00010195979848504066,
        2.8842945098876953,
        2.343799352645874
      ],
      [
        1.797905445098877,
        2.7355141639709473,
        2.1649067401885986,
        1.9225027561187744,
        1.0229079723358154,
        1.6036207675933838,
        3.1585772037506104,
        3.072707176208496,
        2.9124908447265625,
        2.0283102989196777,
        2.8842945098876953,
        0.00010195970389759168,
        1.7637715339660645
      ],
      [
        3.1315650939941406,
        3.393122673034668,
        2.2423815727233887,
        2.0307137966156006,
        1.112067461013794,
        3.164919137954712,
        3.895918130874634,
        3.8219523429870605,
        2.503586769104004,
        2.4441041946411133,
        2.343799352645874,
        1.7637715339660645,
        0.00010195848881267011
      ]
    ],
    "D_true": [
      [
        9.999999747378752e-05,
        1.6122033596038818,
        2.4371142387390137,
        2.0249156951904297,
        2.787069082260132,
        0.9933938980102539,
        2.1267249584198,
        2.1931064128875732,
        2.940690279006958,
        2.2571725845336914,
        2.3923110961914062,
        3.2637784481048584,
        3.7378737926483154
      ],
      [
        1.6122033596038818,
        9.999999747378752e-05,
        1.4391067028045654,
        2.6362392902374268,
        2.4594614505767822,
        2.159588098526001,
        1.1026875972747803,
        1.0948189496994019,
        2.161766529083252,
        3.19091796875,
        3.168989658355713,
        2.82073974609375,
        3.4088404178619385
      ],
      [
        2.4371142387390137,
        1.4391067028045654,
        9.999999747378752e-05,
        2.288144111633301,
        1.5249173641204834,
        3.197986125946045,
        2.152620553970337,
        2.146782636642456,
        1.0932866334915161,
        3.186225175857544,
        2.710604667663574,
        2.2110042572021484,
        2.1807096004486084
      ],
      [
        2.0249156951904297,
        2.6362392902374268,
        2.288144111633301,
        9.999999747378752e-05,
        1.48356032371521,
        2.5774002075195312,
        3.066155195236206,
        3.5742251873016357,
        2.7764227390289307,
        1.0918630361557007,
        1.0870200395584106,
        2.159759759902954,
        2.1465399265289307
      ],
      [
        2.787069082260132,
        2.4594614505767822,
        1.5249173641204834,
        1.48356032371521,
        9.999999747378752e-05,
        3.368842840194702,
        2.770620822906494,
        3.4468047618865967,
        2.228106737136841,
        2.2770299911499023,
        2.208160877227783,
        1.100547194480896,
        1.1007567644119263
      ],
      [
        0.9933938980102539,
        2.159588098526001,
        3.197986125946045,
        2.5774002075195312,
        3.368842840194702,
        9.999999747378752e-05,
        2.195159435272217,
        2.71063494682312,
        3.8539154529571533,
        2.3857007026672363,
        3.114184617996216,
        3.570241689682007,
        4.3965559005737305
      ],
      [
        2.1267249584198,
        1.1026875972747803,
        2.152620553970337,
        3.066155195236206,
        2.770620822906494,
        2.195159435272217,
        9.999999747378752e-05,
        1.8120099306106567,
        3.0950376987457275,
        3.334200143814087,
        3.850518226623535,
        2.687145233154297,
        3.81123685836792
      ],
      [
        2.1931064128875732,
        1.0948189496994019,
        2.146782636642456,
        3.5742251873016357,
        3.4468047618865967,
        2.71063494682312,
        1.8120099306106567,
        9.999999747378752e-05,
        2.4603686332702637,
        4.155129909515381,
        3.8983798027038574,
        3.8727622032165527,
        4.288946151733398
      ],
      [
        2.940690279006958,
        2.161766529083252,
        1.0932866334915161,
        2.7764227390289307,
        2.228106737136841,
        3.8539154529571533,
        3.0950376987457275,
        2.4603686332702637,
        9.999999747378752e-05,
        3.8094279766082764,
        2.774000406265259,
        3.1287615299224854,
        2.4733786582946777
      ],
      [
        2.2571725845336914,
        3.19091796875,
        3.186225175857544,
        1.0918630361557007,
        2.2770299911499023,
        2.3857007026672363,
        3.334200143814087,
        4.155129909515381,
        3.8094279766082764,
        9.999999747378752e-05,
        1.8451933860778809,
        2.5140597820281982,
        2.9820804595947266
      ],
      [
        2.3923110961914062,
        3.168989658355713,
        2.710604667663574,
        1.0870200395584106,
        2.208160877227783,
        3.114184617996216,
        3.850518226623535,
        3.8983798027038574,
        2.774000406265259,
        1.8451933860778809,
        9.999999747378752e-05,
        3.108267307281494,
        2.500253200531006
      ],
      [
        3.2637784481048584,
        2.82073974609375,
        2.2110042572021484,
        2.159759759902954,
        1.100547194480896,
        3.570241689682007,
        2.687145233154297,
        3.8727622032165527,
        3.1287615299224854,
        2.5140597820281982,
        3.108267307281494,
        9.999999747378752e-05,
        1.7875443696975708
      ],
      [
        3.7378737926483154,
        3.4088404178619385,
        2.1807096004486084,
        2.1465399265289307,
        1.1007567644119263,
        4.3965559005737305,
        3.81123685836792,
        4.288946151733398,
        2.4733786582946777,
        2.9820804595947266,
        2.500253200531006,
        1.7875443696975708,
        9.999999747378752e-05
      ]
    ]
  },
  {
    "rxn_id": "rxn001671",
    "Ea_true": 29.883642196655273,
    "Ea_pred": 39.161346435546875,
    "Ea_error": 9.277704238891602,
    "dist_MAE": 0.41245922446250916,
    "n_atoms": 11,
    "atom_types": [
      "C",
      "C",
      "C",
      "C",
      "C",
      "N",
      "H",
      "H",
      "H",
      "H",
      "H"
    ],
    "D_I": [
      [
        9.999999747378752e-05,
        1.5222301483154297,
        2.381709098815918,
        3.3222320079803467,
        4.137758255004883,
        4.079689025878906,
        0.9827613830566406,
        0.94222491979599,
        0.9364920854568481,
        2.4571094512939453,
        2.167551279067993
      ],
      [
        1.5222301483154297,
        9.999999747378752e-05,
        1.3161612749099731,
        2.3095057010650635,
        3.1906118392944336,
        3.1853108406066895,
        2.1534504890441895,
        2.0735232830047607,
        2.043670654296875,
        1.590842366218567,
        0.9977942705154419
      ],
      [
        2.381709098815918,
        1.3161612749099731,
        9.999999747378752e-05,
        1.1919560432434082,
        2.26401686668396,
        2.3394408226013184,
        2.7155089378356934,
        2.6527280807495117,
        3.160935640335083,
        2.3971147537231445,
        1.830819010734558
      ],
      [
        3.3222320079803467,
        2.3095057010650635,
        1.1919560432434082,
        9.999999747378752e-05,
        1.1117445230484009,
        1.2411051988601685,
        3.3827595710754395,
        3.677513837814331,
        4.104465961456299,
        2.7861108779907227,
        2.8742823600769043
      ],
      [
        4.137758255004883,
        3.1906118392944336,
        2.26401686668396,
        1.1117445230484009,
        9.999999747378752e-05,
        0.26811453700065613,
        4.016769886016846,
        4.601497650146484,
        4.86611270904541,
        3.1822187900543213,
        3.809817314147949
      ],
      [
        4.079689025878906,
        3.1853108406066895,
        2.3394408226013184,
        1.2411051988601685,
        0.26811453700065613,
        9.999999747378752e-05,
        3.9123055934906006,
        4.580729961395264,
        4.7892231941223145,
        3.0848388671875,
        3.8519673347473145
      ],
      [
        0.9827613830566406,
        2.1534504890441895,
        2.7155089378356934,
        3.3827595710754395,
        4.016769886016846,
        3.9123055934906006,
        9.999999747378752e-05,
        1.517483115196228,
        1.526747703552246,
        2.726972818374634,
        2.996600866317749
      ],
      [
        0.94222491979599,
        2.0735232830047607,
        2.6527280807495117,
        3.677513837814331,
        4.601497650146484,
        4.580729961395264,
        1.517483115196228,
        9.999999747378752e-05,
        1.5125614404678345,
        3.314321994781494,
        2.4959585666656494
      ],
      [
        0.9364920854568481,
        2.043670654296875,
        3.160935640335083,
        4.104465961456299,
        4.86611270904541,
        4.7892231941223145,
        1.526747703552246,
        1.5125614404678345,
        9.999999747378752e-05,
        2.5923447608947754,
        2.4626431465148926
      ],
      [
        2.4571094512939453,
        1.590842366218567,
        2.3971147537231445,
        2.7861108779907227,
        3.1822187900543213,
        3.0848388671875,
        2.726972818374634,
        3.314321994781494,
        2.5923447608947754,
        9.999999747378752e-05,
        2.110495090484619
      ],
      [
        2.167551279067993,
        0.9977942705154419,
        1.830819010734558,
        2.8742823600769043,
        3.809817314147949,
        3.8519673347473145,
        2.996600866317749,
        2.4959585666656494,
        2.4626431465148926,
        2.110495090484619,
        9.999999747378752e-05
      ]
    ],
    "D_pred": [
      [
        0.0001019581759464927,
        1.5520381927490234,
        2.4283485412597656,
        3.3872861862182617,
        4.218788146972656,
        4.159578323364258,
        1.0020058155059814,
        0.9606746435165405,
        0.9548296928405762,
        2.505223274230957,
        2.2099971771240234
      ],
      [
        1.5520381927490234,
        0.00010195819049840793,
        1.3419348001480103,
        2.354729652404785,
        3.253093719482422,
        3.2476861476898193,
        2.195619583129883,
        2.1141252517700195,
        2.083688259124756,
        1.6219934225082397,
        1.0173336267471313
      ],
      [
        2.4283485412597656,
        1.3419348001480103,
        0.00010195827053394169,
        1.215296983718872,
        2.308354139328003,
        2.3852529525756836,
        2.7686855792999268,
        2.7046725749969482,
        3.2228317260742188,
        2.4440548419952393,
        1.8666718006134033
      ],
      [
        3.3872861862182617,
        2.354729652404785,
        1.215296983718872,
        0.00010195813229074702,
        1.1335155963897705,
        1.2654082775115967,
        3.449000358581543,
        3.7495224475860596,
        4.184834957122803,
        2.8406662940979004,
        2.9305670261383057
      ],
      [
        4.218788146972656,
        3.253093719482422,
        2.308354139328003,
        1.1335155963897705,
        0.00010195841605309397,
        0.2733651399612427,
        4.095431327819824,
        4.691605567932129,
        4.96140193939209,
        3.244534969329834,
        3.884427070617676
      ],
      [
        4.159578323364258,
        3.2476861476898193,
        2.3852529525756836,
        1.2654082775115967,
        0.2733651399612427,
        0.00010195823415415362,
        3.988917827606201,
        4.670426368713379,
        4.883002758026123,
        3.1452455520629883,
        3.9273996353149414
      ],
      [
        1.0020058155059814,
        2.195619583129883,
        2.7686855792999268,
        3.449000358581543,
        4.095431327819824,
        3.988917827606201,
        0.00010195823415415362,
        1.5471974611282349,
        1.5566436052322388,
        2.78037166595459,
        3.0552823543548584
      ],
      [
        0.9606746435165405,
        2.1141252517700195,
        2.7046725749969482,
        3.7495224475860596,
        4.691605567932129,
        4.670426368713379,
        1.5471974611282349,
        0.0001019580231513828,
        1.5421779155731201,
        3.379218578338623,
        2.5448336601257324
      ],
      [
        0.9548296928405762,
        2.083688259124756,
        3.2228317260742188,
        4.184834957122803,
        4.96140193939209,
        4.883002758026123,
        1.5566436052322388,
        1.5421779155731201,
        0.00010195803042734042,
        2.6431045532226562,
        2.510866165161133
      ],
      [
        2.505223274230957,
        1.6219934225082397,
        2.4440548419952393,
        2.8406662940979004,
        3.244534969329834,
        3.1452455520629883,
        2.78037166595459,
        3.379218578338623,
        2.6431045532226562,
        0.00010195811773883179,
        2.151823043823242
      ],
      [
        2.2099971771240234,
        1.0173336267471313,
        1.8666718006134033,
        2.9305670261383057,
        3.884427070617676,
        3.9273996353149414,
        3.0552823543548584,
        2.5448336601257324,
        2.510866165161133,
        2.151823043823242,
        0.00010195829963777214
      ]
    ],
    "D_true": [
      [
        9.999999747378752e-05,
        1.504251480102539,
        2.569324254989624,
        3.061182737350464,
        3.6532042026519775,
        2.9495418071746826,
        1.0956482887268066,
        1.105220913887024,
        1.0966092348098755,
        3.111438035964966,
        2.231574535369873
      ],
      [
        1.504251480102539,
        9.999999747378752e-05,
        1.449630856513977,
        1.9996345043182373,
        2.8173532485961914,
        2.335414409637451,
        2.160094738006592,
        2.135606288909912,
        2.1618919372558594,
        2.345292091369629,
        1.0965667963027954
      ],
      [
        2.569324254989624,
        1.449630856513977,
        9.999999747378752e-05,
        1.302514910697937,
        2.6701250076293945,
        2.8924620151519775,
        2.765587568283081,
        2.987399101257324,
        3.468031883239746,
        3.174224853515625,
        2.1599678993225098
      ],
      [
        3.061182737350464,
        1.9996345043182373,
        1.302514910697937,
        9.999999747378752e-05,
        1.4281905889511108,
        2.0665974617004395,
        3.0234904289245605,
        3.8127541542053223,
        3.749378204345703,
        2.6105334758758545,
        2.707017183303833
      ],
      [
        3.6532042026519775,
        2.8173532485961914,
        2.6701250076293945,
        1.4281905889511108,
        9.999999747378752e-05,
        1.32097589969635,
        3.5200893878936768,
        4.628129482269287,
        4.006789207458496,
        2.107436418533325,
        3.3858489990234375
      ],
      [
        2.9495418071746826,
        2.335414409637451,
        2.8924620151519775,
        2.0665974617004395,
        1.32097589969635,
        9.999999747378752e-05,
        3.039640426635742,
        4.008181571960449,
        2.992105484008789,
        1.0200248956680298,
        2.7576589584350586
      ],
      [
        1.0956482887268066,
        2.160094738006592,
        2.765587568283081,
        3.0234904289245605,
        3.5200893878936768,
        3.039640426635742,
        9.999999747378752e-05,
        1.776383876800537,
        1.7878752946853638,
        3.523174285888672,
        3.1210837364196777
      ],
      [
        1.105220913887024,
        2.135606288909912,
        2.987399101257324,
        3.8127541542053223,
        4.628129482269287,
        4.008181571960449,
        1.776383876800537,
        9.999999747378752e-05,
        1.78146231174469,
        4.082530975341797,
        2.645798921585083
      ],
      [
        1.0966092348098755,
        2.1618919372558594,
        3.468031883239746,
        3.749378204345703,
        4.006789207458496,
        2.992105484008789,
        1.7878752946853638,
        1.78146231174469,
        9.999999747378752e-05,
        2.968859910964966,
        2.539252281188965
      ],
      [
        3.111438035964966,
        2.345292091369629,
        3.174224853515625,
        2.6105334758758545,
        2.107436418533325,
        1.0200248956680298,
        3.523174285888672,
        4.082530975341797,
        2.968859910964966,
        9.999999747378752e-05,
        2.333545684814453
      ],
      [
        2.231574535369873,
        1.0965667963027954,
        2.1599678993225098,
        2.707017183303833,
        3.3858489990234375,
        2.7576589584350586,
        3.1210837364196777,
        2.645798921585083,
        2.539252281188965,
        2.333545684814453,
        9.999999747378752e-05
      ]
    ]
  },
  {
    "rxn_id": "rxn001727",
    "Ea_true": 31.970165252685547,
    "Ea_pred": 39.16134262084961,
    "Ea_error": 7.1911773681640625,
    "dist_MAE": 0.11148873716592789,
    "n_atoms": 15,
    "atom_types": [
      "C",
      "C",
      "C",
      "N",
      "C",
      "O",
      "H",
      "H",
      "H",
      "H",
      "H",
      "H",
      "H",
      "H",
      "H"
    ],
    "D_I": [
      [
        9.999999747378752e-05,
        1.5333778858184814,
        2.549164056777954,
        2.4712140560150146,
        3.2987704277038574,
        3.408518075942993,
        1.096975326538086,
        1.0972672700881958,
        1.0957355499267578,
        2.151407480239868,
        3.5035288333892822,
        2.8150475025177,
        2.7933595180511475,
        2.978023052215576,
        4.131838321685791
      ],
      [
        1.5333778858184814,
        9.999999747378752e-05,
        1.5303068161010742,
        1.4716347455978394,
        2.5121936798095703,
        2.7939796447753906,
        2.1755030155181885,
        2.177894353866577,
        2.1706888675689697,
        1.0938918590545654,
        2.181192636489868,
        2.1768362522125244,
        2.171053409576416,
        2.1283485889434814,
        3.4508767127990723
      ],
      [
        2.549164056777954,
        1.5303068161010742,
        9.999999747378752e-05,
        2.450409412384033,
        3.6945388317108154,
        4.165921211242676,
        2.8041257858276367,
        2.811904191970825,
        3.494203567504883,
        2.156741142272949,
        1.0964025259017944,
        1.0983166694641113,
        1.0954757928848267,
        2.5970396995544434,
        4.6812872886657715
      ],
      [
        2.4712140560150146,
        1.4716347455978394,
        2.450409412384033,
        9.999999747378752e-05,
        1.341830849647522,
        2.246048927307129,
        3.4226725101470947,
        2.7562289237976074,
        2.708730697631836,
        2.057934522628784,
        2.7007272243499756,
        2.7356040477752686,
        3.405616283416748,
        1.0111358165740967,
        2.3834123611450195
      ],
      [
        3.2987704277038574,
        2.5121936798095703,
        3.6945388317108154,
        1.341830849647522,
        9.999999747378752e-05,
        1.3012396097183228,
        4.25961446762085,
        3.7094383239746094,
        3.089406967163086,
        2.631091594696045,
        3.7974190711975098,
        4.0746917724609375,
        4.581131935119629,
        2.008336067199707,
        1.042789340019226
      ],
      [
        3.408518075942993,
        2.7939796447753906,
        4.165921211242676,
        2.246048927307129,
        1.3012396097183228,
        9.999999747378752e-05,
        4.180753231048584,
