[
  {
    "rxn_id": "rxn000389",
    "Ea_true": 67.03453826904297,
    "Ea_pred": 39.32511520385742,
    "Ea_error": 27.709423065185547,
    "dist_MAE": 0.47984710335731506,
    "n_atoms": 11,
    "atom_types": [
      "C",
      "C",
      "O",
      "C",
      "O",
      "N",
      "H",
      "H",
      "H",
      "H",
      "H"
    ],
    "D_I": [
      [
        9.999999747378752e-05,
        2.1934468746185303,
        2.91129207611084,
        2.919464588165283,
        3.4172725677490234,
        2.5966997146606445,
        1.0491225719451904,
        1.0474786758422852,
        1.035595417022705,
        2.956097364425659,
        3.3269190788269043
      ],
      [
        2.1934468746185303,
        9.999999747378752e-05,
        1.1681164503097534,
        2.346997022628784,
        3.0582008361816406,
        2.0387370586395264,
        2.707857847213745,
        3.099518299102783,
        2.108881950378418,
        1.8892804384231567,
        2.5904135704040527
      ],
      [
        2.91129207611084,
        1.1681164503097534,
        9.999999747378752e-05,
        3.4119417667388916,
        4.181100368499756,
        2.645148277282715,
        3.059108018875122,
        3.901996374130249,
        2.974876880645752,
        2.023500442504883,
        3.2904725074768066
      ],
      [
        2.919464588165283,
        2.346997022628784,
        3.4119417667388916,
        9.999999747378752e-05,
        1.005664587020874,
        1.8668904304504395,
        3.917966604232788,
        3.128464937210083,
        2.8216211795806885,
        2.62705659866333,
        1.5190670490264893
      ],
      [
        3.4172725677490234,
        3.0582008361816406,
        4.181100368499756,
        1.005664587020874,
        9.999999747378752e-05,
        2.858088493347168,
        4.446779251098633,
        3.4792637825012207,
        3.087394952774048,
        3.6237871646881104,
        2.449864625930786
      ],
      [
        2.5966997146606445,
        2.0387370586395264,
        2.645148277282715,
        1.8668904304504395,
        2.858088493347168,
        9.999999747378752e-05,
        3.315903663635254,
        2.9779300689697266,
        3.0744192600250244,
        1.0064046382904053,
        0.9687921404838562
      ],
      [
        1.0491225719451904,
        2.707857847213745,
        3.059108018875122,
        3.917966604232788,
        4.446779251098633,
        3.315903663635254,
        9.999999747378752e-05,
        1.686194896697998,
        1.6865837574005127,
        3.433277130126953,
        4.16356897354126
      ],
      [
        1.0474786758422852,
        3.099518299102783,
        3.901996374130249,
        3.128464937210083,
        3.4792637825012207,
        2.9779300689697266,
        1.686194896697998,
        9.999999747378752e-05,
        1.6666897535324097,
        3.5691845417022705,
        3.578281879425049
      ],
      [
        1.035595417022705,
        2.108881950378418,
        2.974876880645752,
        2.8216211795806885,
        3.087394952774048,
        3.0744192600250244,
        1.6865837574005127,
        1.6666897535324097,
        9.999999747378752e-05,
        3.433461904525757,
        3.6371827125549316
      ],
      [
        2.956097364425659,
        1.8892804384231567,
        2.023500442504883,
        2.62705659866333,
        3.6237871646881104,
        1.0064046382904053,
        3.433277130126953,
        3.5691845417022705,
        3.433461904525757,
        9.999999747378752e-05,
        1.687300443649292
      ],
      [
        3.3269190788269043,
        2.5904135704040527,
        3.2904725074768066,
        1.5190670490264893,
        2.449864625930786,
        0.9687921404838562,
        4.16356897354126,
        3.578281879425049,
        3.6371827125549316,
        1.687300443649292,
        9.999999747378752e-05
      ]
    ],
    "D_pred": [
      [
        0.00010191248293267563,
        2.2353954315185547,
        2.9669647216796875,
        2.975294589996338,
        3.48262882232666,
        2.646361827850342,
        1.0691852569580078,
        1.0675106048583984,
        1.0553998947143555,
        3.0126285552978516,
        3.3905439376831055
      ],
      [
        2.2353954315185547,
        0.00010191241017309949,
        1.1904540061950684,
        2.391878843307495,
        3.1166887283325195,
        2.0777273178100586,
        2.7596402168273926,
        3.158792495727539,
        2.1492114067077637,
        1.9254097938537598,
        2.6399526596069336
      ],
      [
        2.9669647216796875,
        1.1904540061950684,
        0.0001019121118588373,
        3.4771833419799805,
        4.2610578536987305,
        2.6957321166992188,
        3.117603063583374,
        3.9766106605529785,
        3.0317625999450684,
        2.0621936321258545,
        3.3533947467803955
      ],
      [
        2.975294589996338,
        2.391878843307495,
        3.4771833419799805,
        0.00010191218461841345,
        1.0248968601226807,
        1.9025921821594238,
        3.9928855895996094,
        3.188289165496826,
        2.875577211380005,
        2.6772918701171875,
        1.5481159687042236
      ],
      [
        3.48262882232666,
        3.1166887283325195,
        4.2610578536987305,
        1.0248968601226807,
        0.00010191257752012461,
        2.912750720977783,
        4.531818866729736,
        3.545802593231201,
        3.14643931388855,
        3.693089008331299,
        2.496717929840088
      ],
      [
        2.646361827850342,
        2.0777273178100586,
        2.6957321166992188,
        1.9025921821594238,
        2.912750720977783,
        0.00010191253386437893,
        3.3793158531188965,
        3.0348803997039795,
        3.1332147121429443,
        1.025650978088379,
        0.9873199462890625
      ],
      [
        1.0691852569580078,
        2.7596402168273926,
        3.117603063583374,
        3.9928855895996094,
        4.531818866729736,
        3.3793158531188965,
        0.00010191218461841345,
        1.7184392213821411,
        1.7188352346420288,
        3.498929023742676,
        4.243188858032227
      ],
      [
        1.0675106048583984,
        3.158792495727539,
        3.9766106605529785,
        3.188289165496826,
        3.545802593231201,
        3.0348803997039795,
        1.7184392213821411,
        0.00010191230830969289,
        1.6985617876052856,
        3.637437343597412,
        3.6467113494873047
      ],
      [
        1.0553998947143555,
        2.1492114067077637,
        3.0317625999450684,
        2.875577211380005,
        3.14643931388855,
        3.1332147121429443,
        1.7188352346420288,
        1.6985617876052856,
        0.00010191227920586243,
        3.4991188049316406,
        3.706737518310547
      ],
      [
        3.0126285552978516,
        1.9254097938537598,
        2.0621936321258545,
        2.6772918701171875,
        3.693089008331299,
        1.025650978088379,
        3.498929023742676,
        3.637437343597412,
        3.4991188049316406,
        0.00010191224282607436,
        1.719566822052002
      ],
      [
        3.3905439376831055,
        2.6399526596069336,
        3.3533947467803955,
        1.5481159687042236,
        2.496717929840088,
        0.9873199462890625,
        4.243188858032227,
        3.6467113494873047,
        3.706737518310547,
        1.719566822052002,
        0.00010191237379331142
      ]
    ],
    "D_true": [
      [
        9.999999747378752e-05,
        2.454033374786377,
        3.177534341812134,
        2.7842183113098145,
        4.000443458557129,
        2.047614336013794,
        1.0899814367294312,
        1.0901360511779785,
        1.0899862051010132,
        2.7970359325408936,
        2.297729015350342
      ],
      [
        2.454033374786377,
        9.999999747378752e-05,
        1.19637131690979,
        1.4487537145614624,
        2.4117887020111084,
        2.3390839099884033,
        2.3828318119049072,
        3.4404537677764893,
        2.638538360595703,
        3.1797895431518555,
        2.8630917072296143
      ],
      [
        3.177534341812134,
        1.19637131690979,
        9.999999747378752e-05,
        2.500779628753662,
        3.267688035964966,
        3.4566996097564697,
        2.7278287410736084,
        4.212285041809082,
        3.3078227043151855,
        4.220688343048096,
        4.03840446472168
      ],
      [
        2.7842183113098145,
        1.4487537145614624,
        2.500779628753662,
        9.999999747378752e-05,
        1.2411818504333496,
        1.4625478982925415,
        3.0019142627716064,
        3.4481637477874756,
        3.2217822074890137,
        2.06014084815979,
        2.116058111190796
      ],
      [
        4.000443458557129,
        2.4117887020111084,
        3.267688035964966,
        1.2411818504333496,
        9.999999747378752e-05,
        2.3796956539154053,
        4.234790802001953,
        4.592682361602783,
        4.3670549392700195,
        2.6432230472564697,
        2.8318748474121094
      ],
      [
        2.047614336013794,
        2.3390839099884033,
        3.4566996097564697,
        1.4625478982925415,
        2.3796956539154053,
        9.999999747378752e-05,
        2.6395716667175293,
        2.3093199729919434,
        2.66698956489563,
        1.0300850868225098,
        1.020796537399292
      ],
      [
        1.0899814367294312,
        2.3828318119049072,
        2.7278287410736084,
        3.0019142627716064,
        4.234790802001953,
        2.6395716667175293,
        9.999999747378752e-05,
        1.814054012298584,
        1.835172414779663,
        3.2752394676208496,
        3.1783833503723145
      ],
      [
        1.0901360511779785,
        3.4404537677764893,
        4.212285041809082,
        3.4481637477874756,
        4.592682361602783,
        2.3093199729919434,
        1.814054012298584,
        9.999999747378752e-05,
        1.8276034593582153,
        2.741535186767578,
        2.4349138736724854
      ],
      [
        1.0899862051010132,
        2.638538360595703,
        3.3078227043151855,
        3.2217822074890137,
        4.3670549392700195,
        2.66698956489563,
        1.835172414779663,
        1.8276034593582153,
        9.999999747378752e-05,
        3.5674703121185303,
        2.5700440406799316
      ],
      [
        2.7970359325408936,
        3.1797895431518555,
        4.220688343048096,
        2.06014084815979,
        2.6432230472564697,
        1.0300850868225098,
        3.2752394676208496,
        2.741535186767578,
        3.5674703121185303,
        9.999999747378752e-05,
        1.661206603050232
      ],
      [
        2.297729015350342,
        2.8630917072296143,
        4.03840446472168,
        2.116058111190796,
        2.8318748474121094,
        1.020796537399292,
        3.1783833503723145,
        2.4349138736724854,
        2.5700440406799316,
        1.661206603050232,
        9.999999747378752e-05
      ]
    ]
  },
  {
    "rxn_id": "rxn000920",
    "Ea_true": 70.11714935302734,
    "Ea_pred": 39.32511901855469,
    "Ea_error": 30.792030334472656,
    "dist_MAE": 0.3751799464225769,
    "n_atoms": 13,
    "atom_types": [
      "O",
      "C",
      "C",
      "C",
      "C",
      "H",
      "H",
      "H",
      "H",
      "H",
      "H",
      "H",
      "H"
    ],
    "D_I": [
      [
        9.999999747378752e-05,
        1.5796903371810913,
        1.822705864906311,
        2.222749710083008,
        2.0156474113464355,
        0.6915889382362366,
        1.8820436000823975,
        1.6147921085357666,
        2.6409108638763428,
        2.4024155139923096,
        3.187875270843506,
        1.763339638710022,
        3.0713775157928467
      ],
      [
        1.5796903371810913,
        9.999999747378752e-05,
        1.345291018486023,
        2.9239516258239746,
        2.518587827682495,
        1.9124794006347656,
        0.5445829629898071,
        0.5786277055740356,
        1.8568671941757202,
        3.422231912612915,
        3.571845531463623,
        2.6829216480255127,
        3.3279073238372803
      ],
      [
        1.822705864906311,
        1.345291018486023,
        9.999999747378752e-05,
        1.8835586309432983,
        1.5015736818313599,
        2.2208900451660156,
        1.879785180091858,
        1.6759967803955078,
        0.8491674065589905,
        2.5366287231445312,
        2.366133689880371,
        2.1232869625091553,
        2.1992855072021484
      ],
      [
        2.222749710083008,
        2.9239516258239746,
        1.8835586309432983,
        9.999999747378752e-05,
        1.2589094638824463,
        2.608820915222168,
        3.448523759841919,
        3.0481667518615723,
        2.293640613555908,
        0.7437514066696167,
        1.06718111038208,
        1.8855456113815308,
        1.9916882514953613
      ],
      [
        2.0156474113464355,
        2.518587827682495,
        1.5015736818313599,
        1.2589094638824463,
        9.999999747378752e-05,
        2.1366801261901855,
        3.0265374183654785,
        2.860987424850464,
        2.0647389888763428,
        1.693109154701233,
        2.0007221698760986,
        1.0032522678375244,
        1.090705156326294
      ],
      [
        0.6915889382362366,
        1.9124794006347656,
        2.2208900451660156,
        2.608820915222168,
        2.1366801261901855,
        9.999999747378752e-05,
        2.1319265365600586,
        2.0603158473968506,
        3.0649163722991943,
        2.713383436203003,
        3.626824378967285,
        1.572794795036316,
        3.1040995121002197
      ],
      [
        1.8820436000823975,
        0.5445829629898071,
        1.879785180091858,
        3.448523759841919,
        3.0265374183654785,
        2.1319265365600586,
        9.999999747378752e-05,
        0.6608313918113708,
        2.318976402282715,
        3.916719913482666,
        4.106459617614746,
        3.097855806350708,
        3.821044921875
      ],
      [
        1.6147921085357666,
        0.5786277055740356,
        1.6759967803955078,
        3.0481667518615723,
        2.860987424850464,
        2.0603158473968506,
        0.6608313918113708,
        9.999999747378752e-05,
        2.1341397762298584,
        3.4998676776885986,
        3.681284189224243,
        3.0136184692382812,
        3.7484779357910156
      ],
      [
        2.6409108638763428,
        1.8568671941757202,
        0.8491674065589905,
        2.293640613555908,
        2.0647389888763428,
        3.0649163722991943,
        2.318976402282715,
        2.1341397762298584,
        9.999999747378752e-05,
        3.0212137699127197,
        2.4001893997192383,
        2.8564984798431396,
        2.455470323562622
      ],
      [
        2.4024155139923096,
        3.422231912612915,
        2.5366287231445312,
        0.7437514066696167,
        1.693109154701233,
        2.713383436203003,
        3.916719913482666,
        3.4998676776885986,
        3.0212137699127197,
        9.999999747378752e-05,
        1.494412899017334,
        1.9893196821212769,
        2.397135019302368
      ],
      [
        3.187875270843506,
        3.571845531463623,
        2.366133689880371,
        1.06718111038208,
        2.0007221698760986,
        3.626824378967285,
        4.106459617614746,
        3.681284189224243,
        2.4001893997192383,
        1.494412899017334,
        9.999999747378752e-05,
        2.8288559913635254,
        2.2987632751464844
      ],
      [
        1.763339638710022,
        2.6829216480255127,
        2.1232869625091553,
        1.8855456113815308,
        1.0032522678375244,
        1.572794795036316,
        3.097855806350708,
        3.0136184692382812,
        2.8564984798431396,
        1.9893196821212769,
        2.8288559913635254,
        9.999999747378752e-05,
        1.7298814058303833
      ],
      [
        3.0713775157928467,
        3.3279073238372803,
        2.1992855072021484,
        1.9916882514953613,
        1.090705156326294,
        3.1040995121002197,
        3.821044921875,
        3.7484779357910156,
        2.455470323562622,
        2.397135019302368,
        2.2987632751464844,
        1.7298814058303833,
        9.999999747378752e-05
      ]
    ],
    "D_pred": [
      [
        0.00010191255569225177,
        1.6099028587341309,
        1.857564926147461,
        2.2652571201324463,
        2.0541982650756836,
        0.7048171758651733,
        1.9180381298065186,
        1.645676851272583,
        2.6914210319519043,
        2.448361396789551,
        3.2488417625427246,
        1.7970623970031738,
        3.130117416381836
      ],
      [
        1.6099028587341309,
        0.00010191255569225177,
        1.3710193634033203,
        2.9798684120178223,
        2.5667576789855957,
        1.9490598440170288,
        0.5549982786178589,
        0.589694619178772,
        1.8923816680908203,
        3.4876809120178223,
        3.640155076980591,
        2.7342305183410645,
        3.3915531635284424
      ],
      [
        1.857564926147461,
        1.3710193634033203,
        0.00010191240289714187,
        1.919577717781067,
        1.5302913188934326,
        2.2633676528930664,
        1.9157352447509766,
        1.7080507278442383,
        0.8654079437255859,
        2.585139274597168,
        2.4113831520080566,
        2.1638917922973633,
        2.241344928741455
      ],
      [
        2.2652571201324463,
        2.9798684120178223,
        1.919577717781067,
        0.00010191218461841345,
        1.2829848527908325,
        2.6587157249450684,
        3.5144715309143066,
        3.1064605712890625,
        2.3375048637390137,
        0.7579740285873413,
        1.0875885486602783,
        1.9216017723083496,
        2.0297751426696777
      ],
      [
        2.0541982650756836,
        2.5667576789855957,
        1.5302913188934326,
        1.2829848527908325,
        0.00010191260662395507,
        2.177549362182617,
        3.0844216346740723,
        2.915707588195801,
        2.1042299270629883,
        1.725489854812622,
        2.03898549079895,
        1.0224390029907227,
        1.111565113067627
      ],
      [
        0.7048171758651733,
        1.9490598440170288,
        2.2633676528930664,
        2.6587157249450684,
        2.177549362182617,
        0.00010191289038630202,
        2.172703981399536,
        2.0997250080108643,
        3.1235413551330566,
        2.7652807235717773,
        3.6961917877197266,
        1.6028759479522705,
        3.1634702682495117
      ],
      [
        1.9180381298065186,
        0.5549982786178589,
        1.9157352447509766,
        3.5144715309143066,
        3.0844216346740723,
        2.172703981399536,
        0.00010191249748459086,
        0.6734703779220581,
        2.363328456878662,
        3.9916250705718994,
        4.184992790222168,
        3.1570992469787598,
        3.8941211700439453
      ],
      [
        1.645676851272583,
        0.589694619178772,
        1.7080507278442383,
        3.1064605712890625,
        2.915707588195801,
        2.0997250080108643,
        0.6734703779220581,
        0.00010191265027970076,
        2.1749584674835205,
        3.566803455352783,
        3.7516887187957764,
        3.0712530612945557,
        3.820168972015381
      ],
      [
        2.6914210319519043,
        1.8923816680908203,
        0.8654079437255859,
        2.3375048637390137,
        2.1042299270629883,
        3.1235413551330566,
        2.363328456878662,
        2.1749584674835205,
        0.00010191265027970076,
        3.0789949893951416,
        2.4460928440093994,
        2.911128282546997,
        2.502431869506836
      ],
      [
        2.448361396789551,
        3.4876809120178223,
        2.585139274597168,
        0.7579740285873413,
        1.725489854812622,
        2.7652807235717773,
        3.9916250705718994,
        3.566803455352783,
        3.0789949893951416,
        0.00010191237379331142,
        1.522991418838501,
        2.02736234664917,
        2.4429779052734375
      ],
      [
        3.2488417625427246,
        3.640155076980591,
        2.4113831520080566,
        1.0875885486602783,
        2.03898549079895,
        3.6961917877197266,
        4.184992790222168,
        3.7516887187957764,
        2.4460928440093994,
        1.522991418838501,
        0.00010191233741352335,
        2.8829526901245117,
        2.342724323272705
      ],
      [
        1.7970623970031738,
        2.7342305183410645,
        2.1638917922973633,
        1.9216017723083496,
        1.0224390029907227,
        1.6028759479522705,
        3.1570992469787598,
        3.0712530612945557,
        2.911128282546997,
        2.02736234664917,
        2.8829526901245117,
        0.00010191229375777766,
        1.762963056564331
      ],
      [
        3.130117416381836,
        3.3915531635284424,
        2.241344928741455,
        2.0297751426696777,
        1.111565113067627,
        3.1634702682495117,
        3.8941211700439453,
        3.820168972015381,
        2.502431869506836,
        2.4429779052734375,
        2.342724323272705,
        1.762963056564331,
        0.00010191241017309949
      ]
    ],
    "D_true": [
      [
        9.999999747378752e-05,
        1.6122033596038818,
        2.4371142387390137,
        2.0249156951904297,
        2.787069082260132,
        0.9933938980102539,
        2.1267249584198,
        2.1931064128875732,
        2.940690279006958,
        2.2571725845336914,
        2.3923110961914062,
        3.2637784481048584,
        3.7378737926483154
      ],
      [
        1.6122033596038818,
        9.999999747378752e-05,
        1.4391067028045654,
        2.6362392902374268,
        2.4594614505767822,
        2.159588098526001,
        1.1026875972747803,
        1.0948189496994019,
        2.161766529083252,
        3.19091796875,
        3.168989658355713,
        2.82073974609375,
        3.4088404178619385
      ],
      [
        2.4371142387390137,
        1.4391067028045654,
        9.999999747378752e-05,
        2.288144111633301,
        1.5249173641204834,
        3.197986125946045,
        2.152620553970337,
        2.146782636642456,
        1.0932866334915161,
        3.186225175857544,
        2.710604667663574,
        2.2110042572021484,
        2.1807096004486084
      ],
      [
        2.0249156951904297,
        2.6362392902374268,
        2.288144111633301,
        9.999999747378752e-05,
        1.48356032371521,
        2.5774002075195312,
        3.066155195236206,
        3.5742251873016357,
        2.7764227390289307,
        1.0918630361557007,
        1.0870200395584106,
        2.159759759902954,
        2.1465399265289307
      ],
      [
        2.787069082260132,
        2.4594614505767822,
        1.5249173641204834,
        1.48356032371521,
        9.999999747378752e-05,
        3.368842840194702,
        2.770620822906494,
        3.4468047618865967,
        2.228106737136841,
        2.2770299911499023,
        2.208160877227783,
        1.100547194480896,
        1.1007567644119263
      ],
      [
        0.9933938980102539,
        2.159588098526001,
        3.197986125946045,
        2.5774002075195312,
        3.368842840194702,
        9.999999747378752e-05,
        2.195159435272217,
        2.71063494682312,
        3.8539154529571533,
        2.3857007026672363,
        3.114184617996216,
        3.570241689682007,
        4.3965559005737305
      ],
      [
        2.1267249584198,
        1.1026875972747803,
        2.152620553970337,
        3.066155195236206,
        2.770620822906494,
        2.195159435272217,
        9.999999747378752e-05,
        1.8120099306106567,
        3.0950376987457275,
        3.334200143814087,
        3.850518226623535,
        2.687145233154297,
        3.81123685836792
      ],
      [
        2.1931064128875732,
        1.0948189496994019,
        2.146782636642456,
        3.5742251873016357,
        3.4468047618865967,
        2.71063494682312,
        1.8120099306106567,
        9.999999747378752e-05,
        2.4603686332702637,
        4.155129909515381,
        3.8983798027038574,
        3.8727622032165527,
        4.288946151733398
      ],
      [
        2.940690279006958,
        2.161766529083252,
        1.0932866334915161,
        2.7764227390289307,
        2.228106737136841,
        3.8539154529571533,
        3.0950376987457275,
        2.4603686332702637,
        9.999999747378752e-05,
        3.8094279766082764,
        2.774000406265259,
        3.1287615299224854,
        2.4733786582946777
      ],
      [
        2.2571725845336914,
        3.19091796875,
        3.186225175857544,
        1.0918630361557007,
        2.2770299911499023,
        2.3857007026672363,
        3.334200143814087,
        4.155129909515381,
        3.8094279766082764,
        9.999999747378752e-05,
        1.8451933860778809,
        2.5140597820281982,
        2.9820804595947266
      ],
      [
        2.3923110961914062,
        3.168989658355713,
        2.710604667663574,
        1.0870200395584106,
        2.208160877227783,
        3.114184617996216,
        3.850518226623535,
        3.8983798027038574,
        2.774000406265259,
        1.8451933860778809,
        9.999999747378752e-05,
        3.108267307281494,
        2.500253200531006
      ],
      [
        3.2637784481048584,
        2.82073974609375,
        2.2110042572021484,
        2.159759759902954,
        1.100547194480896,
        3.570241689682007,
        2.687145233154297,
        3.8727622032165527,
        3.1287615299224854,
        2.5140597820281982,
        3.108267307281494,
        9.999999747378752e-05,
        1.7875443696975708
      ],
      [
        3.7378737926483154,
        3.4088404178619385,
        2.1807096004486084,
        2.1465399265289307,
        1.1007567644119263,
        4.3965559005737305,
        3.81123685836792,
        4.288946151733398,
        2.4733786582946777,
        2.9820804595947266,
        2.500253200531006,
        1.7875443696975708,
        9.999999747378752e-05
      ]
    ]
  },
  {
    "rxn_id": "rxn001671",
    "Ea_true": 29.883642196655273,
    "Ea_pred": 39.32508087158203,
    "Ea_error": 9.441438674926758,
    "dist_MAE": 0.41232845187187195,
    "n_atoms": 11,
    "atom_types": [
      "C",
      "C",
      "C",
      "C",
      "C",
      "N",
      "H",
      "H",
      "H",
      "H",
      "H"
    ],
    "D_I": [
      [
        9.999999747378752e-05,
        1.5222301483154297,
        2.381709098815918,
        3.3222320079803467,
        4.137758255004883,
        4.079689025878906,
        0.9827613830566406,
        0.94222491979599,
        0.9364920854568481,
        2.4571094512939453,
        2.167551279067993
      ],
      [
        1.5222301483154297,
        9.999999747378752e-05,
        1.3161612749099731,
        2.3095057010650635,
        3.1906118392944336,
        3.1853108406066895,
        2.1534504890441895,
        2.0735232830047607,
        2.043670654296875,
        1.590842366218567,
        0.9977942705154419
      ],
      [
        2.381709098815918,
        1.3161612749099731,
        9.999999747378752e-05,
        1.1919560432434082,
        2.26401686668396,
        2.3394408226013184,
        2.7155089378356934,
        2.6527280807495117,
        3.160935640335083,
        2.3971147537231445,
        1.830819010734558
      ],
      [
        3.3222320079803467,
        2.3095057010650635,
        1.1919560432434082,
        9.999999747378752e-05,
        1.1117445230484009,
        1.2411051988601685,
        3.3827595710754395,
        3.677513837814331,
        4.104465961456299,
        2.7861108779907227,
        2.8742823600769043
      ],
      [
        4.137758255004883,
        3.1906118392944336,
        2.26401686668396,
        1.1117445230484009,
        9.999999747378752e-05,
        0.26811453700065613,
        4.016769886016846,
        4.601497650146484,
        4.86611270904541,
        3.1822187900543213,
        3.809817314147949
      ],
      [
        4.079689025878906,
        3.1853108406066895,
        2.3394408226013184,
        1.2411051988601685,
        0.26811453700065613,
        9.999999747378752e-05,
        3.9123055934906006,
        4.580729961395264,
        4.7892231941223145,
        3.0848388671875,
        3.8519673347473145
      ],
      [
        0.9827613830566406,
        2.1534504890441895,
        2.7155089378356934,
        3.3827595710754395,
        4.016769886016846,
        3.9123055934906006,
        9.999999747378752e-05,
        1.517483115196228,
        1.526747703552246,
        2.726972818374634,
        2.996600866317749
      ],
      [
        0.94222491979599,
        2.0735232830047607,
        2.6527280807495117,
        3.677513837814331,
        4.601497650146484,
        4.580729961395264,
        1.517483115196228,
        9.999999747378752e-05,
        1.5125614404678345,
        3.314321994781494,
        2.4959585666656494
      ],
      [
        0.9364920854568481,
        2.043670654296875,
        3.160935640335083,
        4.104465961456299,
        4.86611270904541,
        4.7892231941223145,
        1.526747703552246,
        1.5125614404678345,
        9.999999747378752e-05,
        2.5923447608947754,
        2.4626431465148926
      ],
      [
        2.4571094512939453,
        1.590842366218567,
        2.3971147537231445,
        2.7861108779907227,
        3.1822187900543213,
        3.0848388671875,
        2.726972818374634,
        3.314321994781494,
        2.5923447608947754,
        9.999999747378752e-05,
        2.110495090484619
      ],
      [
        2.167551279067993,
        0.9977942705154419,
        1.830819010734558,
        2.8742823600769043,
        3.809817314147949,
        3.8519673347473145,
        2.996600866317749,
        2.4959585666656494,
        2.4626431465148926,
        2.110495090484619,
        9.999999747378752e-05
      ]
    ],
    "D_pred": [
      [
        0.00010191205365117639,
        1.5513378381729126,
        2.4272499084472656,
        3.3857550621032715,
        4.216878890991211,
        4.1576995849609375,
        1.001551628112793,
        0.9602408409118652,
        0.9543984532356262,
        2.50408935546875,
        2.2089967727661133
      ],
      [
        1.5513378381729126,
        0.00010191229375777766,
        1.3413293361663818,
        2.353667736053467,
        3.2516255378723145,
        3.246222972869873,
        2.194626808166504,
        2.113172769546509,
        2.082749366760254,
        1.6212611198425293,
        1.0168741941452026
      ],
      [
        2.4272499084472656,
        1.3413293361663818,
        0.0001019121627905406,
        1.214747667312622,
        2.307309865951538,
        2.384176015853882,
        2.7674307823181152,
        2.70345139503479,
        3.221376657485962,
        2.442948818206787,
        1.8658270835876465
      ],
      [
        3.3857550621032715,
        2.353667736053467,
        1.214747667312622,
        0.00010191206820309162,
        1.1330028772354126,
        1.2648372650146484,
        3.447437286376953,
        3.747830390930176,
        4.18294620513916,
        2.839381217956543,
        2.92924165725708
      ],
      [
        4.216878890991211,
        3.2516255378723145,
        2.307309865951538,
        1.1330028772354126,
        0.00010191227192990482,
        0.2732415795326233,
        4.093574047088623,
        4.689486026763916,
        4.959161281585693,
        3.2430663108825684,
        3.8826687335968018
      ],
      [
        4.1576995849609375,
        3.246222972869873,
        2.384176015853882,
        1.2648372650146484,
        0.2732415795326233,
        0.00010191227192990482,
        3.9871127605438232,
        4.668321132659912,
        4.880801200866699,
        3.1438241004943848,
        3.925624370574951
      ],
      [
        1.001551628112793,
        2.194626808166504,
        2.7674307823181152,
        3.447437286376953,
        4.093574047088623,
        3.9871127605438232,
        0.00010191191540798172,
        1.546497106552124,
        1.555938959121704,
        2.7791106700897217,
        3.053896427154541
      ],
      [
        0.9602408409118652,
        2.113172769546509,
        2.70345139503479,
        3.747830390930176,
        4.689486026763916,
        4.668321132659912,
        1.546497106552124,
        0.00010191206820309162,
        1.54148268699646,
        3.3776917457580566,
        2.5436837673187256
      ],
      [
        0.9543984532356262,
        2.082749366760254,
        3.221376657485962,
        4.18294620513916,
        4.959161281585693,
        4.880801200866699,
        1.555938959121704,
        1.54148268699646,
        0.00010191206820309162,
        2.6419105529785156,
        2.5097312927246094
      ],
      [
        2.50408935546875,
        1.6212611198425293,
        2.442948818206787,
        2.839381217956543,
        3.2430663108825684,
        3.1438241004943848,
        2.7791106700897217,
        3.3776917457580566,
        2.6419105529785156,
        0.00010191193723585457,
        2.150848388671875
      ],
      [
        2.2089967727661133,
        1.0168741941452026,
        1.8658270835876465,
        2.92924165725708,
        3.8826687335968018,
        3.925624370574951,
        3.053896427154541,
        2.5436837673187256,
        2.5097312927246094,
        2.150848388671875,
        0.00010191212641075253
      ]
    ],
    "D_true": [
      [
        9.999999747378752e-05,
        1.504251480102539,
        2.569324254989624,
        3.061182737350464,
        3.6532042026519775,
        2.9495418071746826,
        1.0956482887268066,
        1.105220913887024,
        1.0966092348098755,
        3.111438035964966,
        2.231574535369873
      ],
      [
        1.504251480102539,
        9.999999747378752e-05,
        1.449630856513977,
        1.9996345043182373,
        2.8173532485961914,
        2.335414409637451,
        2.160094738006592,
        2.135606288909912,
        2.1618919372558594,
        2.345292091369629,
        1.0965667963027954
      ],
      [
        2.569324254989624,
        1.449630856513977,
        9.999999747378752e-05,
        1.302514910697937,
        2.6701250076293945,
        2.8924620151519775,
        2.765587568283081,
        2.987399101257324,
        3.468031883239746,
        3.174224853515625,
        2.1599678993225098
      ],
      [
        3.061182737350464,
        1.9996345043182373,
        1.302514910697937,
        9.999999747378752e-05,
        1.4281905889511108,
        2.0665974617004395,
        3.0234904289245605,
        3.8127541542053223,
        3.749378204345703,
        2.6105334758758545,
        2.707017183303833
      ],
      [
        3.6532042026519775,
        2.8173532485961914,
        2.6701250076293945,
        1.4281905889511108,
        9.999999747378752e-05,
        1.32097589969635,
        3.5200893878936768,
        4.628129482269287,
        4.006789207458496,
        2.107436418533325,
        3.3858489990234375
      ],
      [
        2.9495418071746826,
        2.335414409637451,
        2.8924620151519775,
        2.0665974617004395,
        1.32097589969635,
        9.999999747378752e-05,
        3.039640426635742,
        4.008181571960449,
        2.992105484008789,
        1.0200248956680298,
        2.7576589584350586
      ],
      [
        1.0956482887268066,
        2.160094738006592,
        2.765587568283081,
        3.0234904289245605,
        3.5200893878936768,
        3.039640426635742,
        9.999999747378752e-05,
        1.776383876800537,
        1.7878752946853638,
        3.523174285888672,
        3.1210837364196777
      ],
      [
        1.105220913887024,
        2.135606288909912,
        2.987399101257324,
        3.8127541542053223,
        4.628129482269287,
        4.008181571960449,
        1.776383876800537,
        9.999999747378752e-05,
        1.78146231174469,
        4.082530975341797,
        2.645798921585083
      ],
      [
        1.0966092348098755,
        2.1618919372558594,
        3.468031883239746,
        3.749378204345703,
        4.006789207458496,
        2.992105484008789,
        1.7878752946853638,
        1.78146231174469,
        9.999999747378752e-05,
        2.968859910964966,
        2.539252281188965
      ],
      [
        3.111438035964966,
        2.345292091369629,
        3.174224853515625,
        2.6105334758758545,
        2.107436418533325,
        1.0200248956680298,
        3.523174285888672,
        4.082530975341797,
        2.968859910964966,
        9.999999747378752e-05,
        2.333545684814453
      ],
      [
        2.231574535369873,
        1.0965667963027954,
        2.1599678993225098,
        2.707017183303833,
        3.3858489990234375,
        2.7576589584350586,
        3.1210837364196777,
        2.645798921585083,
        2.539252281188965,
        2.333545684814453,
        9.999999747378752e-05
      ]
    ]
  },
  {
    "rxn_id": "rxn001727",
    "Ea_true": 31.970165252685547,
    "Ea_pred": 39.325096130371094,
    "Ea_error": 7.354930877685547,
    "dist_MAE": 0.1108735129237175,
    "n_atoms": 15,
    "atom_types": [
      "C",
      "C",
      "C",
      "N",
      "C",
      "O",
      "H",
      "H",
      "H",
      "H",
      "H",
      "H",
      "H",
      "H",
      "H"
    ],
    "D_I": [
      [
        9.999999747378752e-05,
        1.5333778858184814,
        2.549164056777954,
        2.4712140560150146,
        3.2987704277038574,
        3.408518075942993,
        1.096975326538086,
        1.0972672700881958,
        1.0957355499267578,
        2.151407480239868,
        3.5035288333892822,
        2.8150475025177,
        2.7933595180511475,
        2.978023052215576,
        4.131838321685791
      ],
      [
        1.5333778858184814,
        9.999999747378752e-05,
        1.5303068161010742,
        1.4716347455978394,
        2.5121936798095703,
        2.7939796447753906,
        2.1755030155181885,
        2.177894353866577,
        2.1706888675689697,
        1.0938918590545654,
        2.181192636489868,
        2.1768362522125244,
        2.171053409576416,
        2.1283485889434814,
        3.4508767127990723
      ],
      [
        2.549164056777954,
        1.5303068161010742,
        9.999999747378752e-05,
        2.450409412384033,
        3.6945388317108154,
        4.165921211242676,
        2.8041257858276367,
        2.811904191970825,
        3.494203567504883,
        2.156741142272949,
        1.0964025259017944,
        1.0983166694641113,
        1.0954757928848267,
        2.5970396995544434,
        4.6812872886657715
      ],
      [
        2.4712140560150146,
        1.4716347455978394,
        2.450409412384033,
        9.999999747378752e-05,
        1.341830849647522,
        2.246048927307129,
        3.4226725101470947,
        2.7562289237976074,
        2.708730697631836,
        2.057934522628784,
        2.7007272243499756,
        2.7356040477752686,
        3.405616283416748,
        1.0111358165740967,
        2.3834123611450195
      ],
      [
        3.2987704277038574,
        2.5121936798095703,
        3.6945388317108154,
        1.341830849647522,
        9.999999747378752e-05,
        1.3012396097183228,
        4.25961446762085,
        3.7094383239746094,
        3.089406967163086,
        2.631091594696045,
        3.7974190711975098,
        4.0746917724609375,
        4.581131935119629,
        2.008336067199707,
        1.042789340019226
      ],
      [
        3.408518075942993,
        2.7939796447753906,
        4.165921211242676,
        2.246048927307129,
        1.3012396097183228,
        9.999999747378752e-05,
        4.180753231048584,
