{
  "reactant_path": "b97d3/rxn009959/r009959.log",
  "product_path": "b97d3/rxn009959/p009959.log",
  "model_path": "d:\\Transition state\\psi_final.pt",
  "n_atoms": 13,
  "atom_types": [
    "C",
    "O",
    "C",
    "C",
    "N",
    "C",
    "N",
    "H",
    "H",
    "H",
    "H",
    "H",
    "H"
  ],
  "Ea_pred": 42.02355558008911,
  "D_I": [
    [
      9.999999747378752e-05,
      1.3265583515167236,
      2.7048139572143555,
      2.2215490341186523,
      4.154563903808594,
      4.307235240936279,
      3.926367998123169,
      1.0927348136901855,
      1.0162216424942017,
      0.9929775595664978,
      2.2702174186706543,
      4.953896522521973,
      4.497076988220215
    ],
    [
      1.3265583515167236,
      9.999999747378752e-05,
      1.7185332775115967,
      1.7568122148513794,
      4.015576362609863,
      3.7989373207092285,
      2.868300437927246,
      2.03521466255188,
      1.8324291706085205,
      1.9145574569702148,
      2.2616007328033447,
      4.246856212615967,
      3.282827854156494
    ],
    [
      2.7048139572143555,
      1.7185332775115967,
      9.999999747378752e-05,
      1.0635777711868286,
      2.9683706760406494,
      2.4272308349609375,
      1.301821231842041,
      3.097321033477783,
      3.475250482559204,
      2.880270481109619,
      1.9997645616531372,
      2.6955227851867676,
      2.009384870529175
    ],
    [
      2.2215490341186523,
      1.7568122148513794,
      1.0635777711868286,
      9.999999747378752e-05,
      2.670426607131958,
      2.5655617713928223,
      2.2182135581970215,
      2.3348329067230225,
      3.1682918071746826,
      2.3372421264648438,
      0.9788557887077332,
      3.0931384563446045,
      3.04097056388855
    ],
    [
      4.154563903808594,
      4.015576362609863,
      2.9683706760406494,
      2.670426607131958,
      9.999999747378752e-05,
      1.1780035495758057,
      3.037541389465332,
      4.376633644104004,
      5.063662528991699,
      3.578303575515747,
      3.0365817546844482,
      2.0326898097991943,
      3.9912147521972656
    ],
    [
      4.307235240936279,
      3.7989373207092285,
      2.4272308349609375,
      2.5655617713928223,
      1.1780035495758057,
      9.999999747378752e-05,
      2.058738946914673,
      4.665152072906494,
      5.169276714324951,
      3.9011545181274414,
      3.2215166091918945,
      0.9140102863311768,
      2.943040370941162
    ],
    [
      3.926367998123169,
      2.868300437927246,
      1.301821231842041,
      2.2182135581970215,
      3.037541389465332,
      2.058738946914673,
      9.999999747378752e-05,
      4.389876842498779,
      4.6306986808776855,
      3.969062089920044,
      3.1266708374023438,
      1.873934030532837,
      0.9990755915641785
    ],
    [
      1.0927348136901855,
      2.03521466255188,
      3.097321033477783,
      2.3348329067230225,
      4.376633644104004,
      4.665152072906494,
      4.389876842498779,
      9.999999747378752e-05,
      1.7584376335144043,
      1.687459111213684,
      1.9149243831634521,
      5.3350934982299805,
      5.033902645111084
    ],
    [
      1.0162216424942017,
      1.8324291706085205,
      3.475250482559204,
      3.1682918071746826,
      5.063662528991699,
      5.169276714324951,
      4.6306986808776855,
      1.7584376335144043,
      9.999999747378752e-05,
      1.6371732950210571,
      3.2534642219543457,
      5.780130386352539,
      5.057165145874023
    ],
    [
      0.9929775595664978,
      1.9145574569702148,
      2.880270481109619,
      2.3372421264648438,
      3.578303575515747,
      3.9011545181274414,
      3.969062089920044,
      1.687459111213684,
      1.6371732950210571,
      9.999999747378752e-05,
      2.450969696044922,
      4.650486946105957,
      4.650994300842285
    ],
    [
      2.2702174186706543,
      2.2616007328033447,
      1.9997645616531372,
      0.9788557887077332,
      3.0365817546844482,
      3.2215166091918945,
      3.1266708374023438,
      1.9149243831634521,
      3.2534642219543457,
      2.450969696044922,
      9.999999747378752e-05,
      3.8140008449554443,
      3.943082809448242
    ],
    [
      4.953896522521973,
      4.246856212615967,
      2.6955227851867676,
      3.0931384563446045,
      2.0326898097991943,
      0.9140102863311768,
      1.873934030532837,
      5.3350934982299805,
      5.780130386352539,
      4.650486946105957,
      3.8140008449554443,
      9.999999747378752e-05,
      2.564049482345581
    ],
    [
      4.497076988220215,
      3.282827854156494,
      2.009384870529175,
      3.04097056388855,
      3.9912147521972656,
      2.943040370941162,
      0.9990755915641785,
      5.033902645111084,
      5.057165145874023,
      4.650994300842285,
      3.943082809448242,
      2.564049482345581,
      9.999999747378752e-05
    ]
  ],
  "D_pred": [
    [
      0.0,
      1.3636140823364258,
      2.7104697227478027,
      2.227210760116577,
      4.159731864929199,
      4.312707901000977,
      3.931772470474243,
      1.0984084606170654,
      1.0405657291412354,
      1.0455174446105957,
      2.2762842178344727,
      4.959556579589844,
      4.502875328063965
    ],
    [
      1.3636140823364258,
      0.0,
      1.7236255407333374,
      1.7618284225463867,
      4.020020008087158,
      3.8037633895874023,
      2.872946262359619,
      2.0400824546813965,
      1.9281425476074219,
      1.9944431781768799,
      2.2667665481567383,
      4.251713752746582,
      3.287749767303467
    ],
    [
      2.7104697227478027,
      1.7236255407333374,
      0.0,
      1.2920000553131104,
      2.973662853240967,
      2.432758331298828,
      1.3072597980499268,
      3.103135347366333,
      3.481135845184326,
      2.886443853378296,
      2.054790735244751,
      2.701366424560547,
      2.015394687652588
    ],
    [
      2.227210760116577,
      1.7618284225463867,
      1.2920000553131104,
      0.0,
      2.675600528717041,
      2.5711960792541504,
      2.2235584259033203,
      2.3405933380126953,
      3.17405366897583,
      2.3432841300964355,
      1.0349591970443726,
      3.0988712310791016,
      3.046844959259033
    ],
    [
      4.159731864929199,
      4.020020008087158,
      2.973662853240967,
      2.675600528717041,
      0.0,
      1.249500036239624,
      3.042433738708496,
      4.381705284118652,
      5.06874942779541,
      3.5836095809936523,
      3.0418734550476074,
      2.0891549587249756,
      3.996217966079712
    ],
    [
      4.312707901000977,
      3.8037633895874023,
      2.432758331298828,
      2.5711960792541504,
      1.249500036239624,
      0.0,
      2.0639655590057373,
      4.670775890350342,
      5.174940586090088,
      3.9071009159088135,
      3.227475881576538,
      1.02921462059021,
      2.9488039016723633
    ],
    [
      3.931772470474243,
      2.872946262359619,
      1.3072597980499268,
      2.2235584259033203,
      3.042433738708496,
      2.0639655590057373,
      0.0,
      4.395218849182129,
      4.636021614074707,
      3.974672555923462,
      3.1322813034057617,
      2.0548481941223145,
      1.0044045448303223
    ],
    [
      1.0984084606170654,
      2.0400824546813965,
      3.103135347366333,
      2.3405933380126953,
      4.381705284118652,
      4.670775890350342,
      4.395218849182129,
      0.0,
      1.7640554904937744,
      1.7060774564743042,
      2.4793012142181396,
      5.340846538543701,
      5.039705276489258
    ],
    [
      1.0405657291412354,
      1.9281425476074219,
      3.481135845184326,
      3.17405366897583,
      5.06874942779541,
      5.174940586090088,
      4.636021614074707,
      1.7640554904937744,
      0.0,
      1.7081891298294067,
      3.2594470977783203,
      5.785900592803955,
      5.062991142272949
    ],
    [
      1.0455174446105957,
      1.9944431781768799,
      2.886443853378296,
      2.3432841300964355,
      3.5836095809936523,
      3.9071009159088135,
      3.974672555923462,
      1.7060774564743042,
      1.7081891298294067,
      0.0,
      2.457202672958374,
      4.656461715698242,
      4.657045841217041
    ],
    [
      2.2762842178344727,
      2.2667665481567383,
      2.054790735244751,
      1.0349591970443726,
      3.0418734550476074,
      3.227475881576538,
      3.1322813034057617,
      2.4793012142181396,
      3.2594470977783203,
      2.457202672958374,
      0.0,
      3.819948673248291,
      3.9491543769836426
    ],
    [
      4.959556579589844,
      4.251713752746582,
      2.701366424560547,
      3.0988712310791016,
      2.0891549587249756,
      1.02921462059021,
      2.0548481941223145,
      5.340846538543701,
      5.785900592803955,
      4.656461715698242,
      3.819948673248291,
      0.0,
      2.569915771484375
    ],
    [
      4.502875328063965,
      3.287749767303467,
      2.015394687652588,
      3.046844959259033,
      3.996217966079712,
      2.9488039016723633,
      1.0044045448303223,
      5.039705276489258,
      5.062991142272949,
      4.657045841217041,
      3.9491543769836426,
      2.569915771484375,
      0.0
    ]
  ],
  "coords_pred": [
    [
      -1.9985115867059617,
      0.20581578871259038,
      -0.5452178991748932
    ],
    [
      -1.355162156983245,
      -0.42794925958996954,
      0.4531124392407297
    ],
    [
      0.2760756462296997,
      -0.3023471802421992,
      0.803801646552916
    ],
    [
      -0.017863185362048003,
      0.667945927574404,
      0.3236650558854197
    ],
    [
      2.047187379770276,
      0.6605451319316762,
      -1.3550675668863865
    ],
    [
      2.298345668849021,
      -0.11790480505819438,
      -0.49080689022296414
    ],
    [
      1.3484991904453825,
      -0.8833704237440805,
      1.174647859406172
    ],
    [
      -2.186535071446055,
      0.9487568627710696,
      -0.5129343489598183
    ],
    [
      -2.8540155113612973,
      -0.33372059543806426,
      -0.6426119504878183
    ],
    [
      -1.4690187882148098,
      0.12963550865651785,
      -1.4108645387646714
    ],
    [
      -0.32877648286526934,
      1.4953052507516784,
      0.23444998645141793
    ],
    [
      2.8596078168858945,
      -0.47937787731837084,
      0.10366623423300267
    ],
    [
      1.3606839913113906,
      -1.6522495578507468,
      1.82541194729839
    ]
  ]
}